x, y, z, stress
0., 4.1081652e-12, 0.159999996, 1.734
0.5, 0., 0., 1.000
0., 0.25, 0., 1.630
0., -0.25, 0., 1.656
-0.5, 0., 0., 1.902
-0.25, 0.216506347, 0., 1.796
-0.25, -0.216506347, 0., 1.986
0.107168697, 0., 0.156281546, 1.636
0.213761255, 0., 0.144640759, 1.530
0.31880933, 0., 0.123256348, 1.418
0.419575363, 0., 0.0870238319, 1.270
0.483048797, 0., 0.0413083471, 1.139
0.481239557, 0.0678389445, 0., 1.043
0.433094859, 0.124928825, 0., 1.147
0.370249629, 0.168014303, 0., 1.255
0.30061996, 0.199767143, 0., 1.346
0.227551281, 0.222609758, 0., 1.427
0.15256317, 0.238077968, 0., 1.499
0.0765180513, 0.247055143, 0., 1.573
0., 0.216297537, 0.0802310333, 1.452
0., 0.116463609, 0.141577825, 1.682
0., -0.11646308, 0.141578004, 1.710
0., -0.216296792, 0.0802318528, 1.485
0.0765180588, -0.247055143, 0., 1.579
0.152563199, -0.238077968, 0., 1.514
0.227551922, -0.222609594, 0., 1.428
0.300620377, -0.199766979, 0., 1.346
0.370250553, -0.168013781, 0., 1.254
0.433096111, -0.124927737, 0., 1.150
0.481240839, -0.0678366646, 0., 1.043
-0.483048499, 0., 0.0413086936, 1.821
-0.419574827, 0., 0.0870240852, 1.849
-0.318809241, 0., 0.12325637, 1.976
-0.213761047, 0., 0.144640788, 1.959
-0.107168451, 0., 0.156281561, 1.846
-0.0842475817, 0.246425614, 0., 1.694
-0.167855203, 0.235491306, 0., 1.746
-0.318174899, 0.192850158, 0., 1.793
-0.382809728, 0.160823435, 0., 1.763
-0.44015646, 0.118598364, 0., 1.741
-0.483201444, 0.0642580315, 0., 1.691
-0.483201444, -0.0642580315, 0., 1.732
-0.440156519, -0.118598297, 0., 1.751
-0.382809252, -0.160823718, 0., 1.808
-0.318176508, -0.192849487, 0., 1.844
-0.16785571, -0.235491216, 0., 1.817
-0.0842474028, -0.246425629, 0., 1.719
0.229336441, 0.204309508, 0.0558262989, 1.329
0.0926756188, 0.229888871, 0.0554400906, 1.384
0.173896164, 0.22255595, 0.0470688716, 1.371
0.453445673, 0.0635562539, 0.0537651777, 1.188
0.386775136, 0.0951019898, 0.0810980275, 1.291
0.260689378, 0.14822951, 0.0981900021, 1.386
0.315531433, 0.0959770977, 0.107851639, 1.379
0.159556001, 0.171824038, 0.104404323, 1.457
0.0688915327, 0.171330169, 0.114414148, 1.550
0.183654219, 0.0822248012, 0.139200911, 1.537
0.333843201, 0.152211174, 0.0685396045, 1.294
0.0871574655, 0.0931612477, 0.145832777, 1.622
0.260092258, 0.0668015704, 0.129788399, 1.465
0.45279485, -0.0639648959, 0.0541271269, 1.191
0.0882021636, -0.0825392753, 0.14836736, 1.633
0.240049735, -0.0824078321, 0.130068064, 1.480
0.30820632, -0.106674649, 0.105886132, 1.382
0.167614669, -0.132775456, 0.124507576, 1.517
0.166447833, -0.205649808, 0.0737582669, 1.380
0.0874163583, -0.169312656, 0.114348538, 1.539
0.384123176, -0.0978010967, 0.0810738578, 1.292
0.329801559, -0.158732921, 0.064356111, 1.289
0.0976343825, -0.226046413, 0.0607828274, 1.395
0.252895921, -0.169421136, 0.0854043812, 1.362
0.163914382, -0.0606123172, 0.146095559, 1.568
-0.0957450196, 0.22914803, 0.056157589, 1.374
-0.217441589, 0.177905574, 0.0882861242, 1.721
-0.326108992, 0.157686785, 0.0672703907, 1.663
-0.0886660963, 0.158748403, 0.120302163, 1.715
-0.141394928, 0.09896373, 0.139789909, 1.830
-0.385309696, 0.0947100297, 0.0819952637, 1.788
-0.296491593, 0.103693023, 0.110427253, 1.885
-0.217467606, 0.0655702949, 0.137826785, 1.925
-0.454394549, 0.0609109849, 0.0541972592, 1.723
-0.0678763837, 0.0762837529, 0.150813371, 1.774
-0.138837919, -0.0960952565, 0.140867919, 1.875
-0.239259094, -0.0900764838, 0.128119946, 2.000
-0.181532145, -0.176230609, 0.0974909067, 1.875
-0.386322647, -0.0939855874, 0.0818485096, 1.851
-0.308529973, -0.101468831, 0.107866853, 1.972
-0.454556525, -0.0607508533, 0.0541317575, 1.744
-0.254476696, -0.199655682, 0.0513916947, 1.909
-0.104825631, -0.221440524, 0.066254653, 1.539
-0.32351464, -0.15969196, 0.0666124374, 1.889
-0.263193101, -0.149445131, 0.0967406109, 1.987
-0.0857156962, -0.170577243, 0.113708764, 1.750
-0.414421469, -0.139870346, 0., 1.770
-0.390866429, -0.136185527, 0.0485698842, 1.801
-0.419661373, -0.113222182, 0.0481142886, 1.771
-0.286191851, -0.126038864, 0.103469931, 1.971
-0.372468531, 0., 0.106741562, 1.910
-0.404460341, 0.0483193696, 0.0888383612, 1.829
-0.354064703, 0.0484526455, 0.108634017, 1.899
-0.347913176, -0.0982773229, 0.0961719528, 1.910
-0.35622859, -0.165973082, 0.0363632441, 1.835
-0.352560133, -0.177271932, 0., 1.814
-0.323434204, -0.18210052, 0.0361301377, 1.852
0.320198327, 0.182762578, 0.0376790725, 1.259
0.337572426, 0.184421301, 0., 1.307
0.355162799, 0.165936753, 0.0374815166, 1.226
0.284851551, 0.184894979, 0.0573460981, 1.268
0.297726929, 0.1511558, 0.0846436992, 1.332
0.384785622, 0.140735924, 0.0482273288, 1.195
0.114303939, 0.172059834, 0.110163815, 1.500
0.35485521, 0.0486830845, 0.108327262, 1.352
0.317747951, -0.185163543, 0.0348992012, 1.260
0.291715443, -0.164906204, 0.0758108795, 1.316
0.279866904, -0.193177372, 0.0478980392, 1.273
0.314801961, -0.0542290621, 0.119363241, 1.402
0.353577346, -0.0500970073, 0.108490959, 1.354
0.372468829, 0., 0.106741458, 1.348
0.404007763, -0.0499684066, 0.0886754394, 1.279
0.383287519, -0.141944572, 0.0479974709, 1.196
-0.0429319814, -0.14451836, 0.12983273, 1.720
0., -0.173104569, 0.115439408, 1.623
-0.0429510996, -0.1951316, 0.0990708023, 1.611
0.337573141, -0.184420973, 0., 1.301
-0.0524786189, -0.21997194, 0.0741512403, 1.465
-0.0955419093, -0.198260352, 0.0925475657, 1.662
-0.354567051, -0.0480781682, 0.108534344, 1.919
-0.314823955, -0.0514895916, 0.119853206, 1.972
-0.215852946, 0.0329307653, 0.142775148, 1.944
-0.160711512, -0.13797085, 0.123118103, 1.878
-0.222554058, -0.163400084, 0.0979384705, 1.939
-0.452857137, 0.0944091603, 0.0308066532, 1.610
-0.218708724, 0.124595784, 0.119762987, 1.840
-0.26834324, 0., 0.135005087, 1.972
-0.212304831, -0.222343311, 0.0271160435, 1.712
-0.218661487, -0.190229654, 0.0766918287, 1.881
-0.17696473, -0.216998979, 0.0557289533, 1.534
-0.257350266, 0.0851220712, 0.125897855, 1.911
-0.257741958, 0.142514199, 0.102363937, 1.816
-0.341482818, 0.0998826474, 0.0978401303, 1.834
0.201742858, 0.213969633, 0.0517646968, 1.344
0.195069626, 0.190502018, 0.0826961845, 1.367
0.167439684, 0.200609833, 0.0790255815, 1.372
0.222835228, 0.116615921, 0.12224979, 1.466
0.199052557, 0.041399274, 0.14436309, 1.533
0.261154413, 0.108787902, 0.117339745, 1.425
0.288504958, 0.122774899, 0.104415268, 1.377
0.288070887, 0.0816831291, 0.11987263, 1.422
0.268343389, 0., 0.135005057, 1.471
0.318225592, 0.0486336164, 0.119421132, 1.399
0.135684401, -0.0304343384, 0.152759284, 1.602
0.12723285, -0.189270839, 0.096275866, 1.448
0.160668135, -0.228477091, 0.0396833867, 1.385
0.132151514, -0.216571793, 0.0678238571, 1.380
0.125723124, -0.236765146, 0.0319403484, 1.418
-0.259715259, -0.176949665, 0.0766019002, 1.963
-0.289508611, -0.180956215, 0.0600408725, 1.899
-0.293776929, -0.155464083, 0.0828415602, 1.924
0.115065388, -0.243289933, 0., 1.545
-0.143498823, -0.200624779, 0.083695069, 1.725
-0.137157872, -0.234043628, 0.0351738781, 1.563
0.0385827497, -0.239721328, 0.0436962545, 1.399
0., 0.0599106811, 0.155337781, 1.709
-0.0876407549, 0.0383489951, 0.155599162, 1.806
-0.042485863, -0.239528477, 0.043758627, 1.478
0.0978354514, -0.0415243395, 0.154640198, 1.636
0.18903169, -0.0304309949, 0.146838799, 1.549
0.0880398974, -0.127259463, 0.134806663, 1.585
0.0536019728, 0., 0.159077927, 1.680
0.126114041, -0.0717025921, 0.147869855, 1.598
0.210739031, -0.152498513, 0.10736268, 1.437
0.160472646, 0., 0.15153563, 1.580
0.281175345, -0.13928476, 0.0977648124, 1.364
0.280128717, -0.0416194312, 0.12982665, 1.449
0.274406344, -0.0949263796, 0.119157396, 1.431
-0.180182382, 0.140823469, 0.118964843, 1.782
-0.0784475952, 0.118582405, 0.138600573, 1.742
0., -0.0601206198, 0.155304551, 1.724
-0.0926910043, 0.198098183, 0.0929856449, 1.573
-0.0479463451, 0.224103242, 0.0692355335, 1.397
0.0345137157, 0.195352226, 0.099230364, 1.508
0.0344992615, 0.144794956, 0.129963934, 1.615
-0.421628684, -0.078250967, 0.0699157044, 1.787
-0.40494144, -0.0479363613, 0.0886988118, 1.854
-0.439098626, -0.0309485756, 0.0739201009, 1.794
-0.496250719, -0.0305582732, 0., 1.771
-0.489749342, -0.0339667574, 0.0237978045, 1.728
-0.49523285, 0., 0.0220415406, 1.847
-0.452944964, -0.0943299606, 0.0307737663, 1.726
-0.473582149, -0.0650900826, 0.0299727116, 1.719
-0.465721518, -0.0909717828, 0., 1.730
-0.112515859, -0.134479105, 0.129985273, 1.815
-0.176751316, -0.0485440046, 0.146409318, 1.909
-0.189194068, -0.0933732316, 0.135512114, 1.933
-0.227038652, -0.0454615988, 0.139553174, 1.980
-0.317077965, -0.13234283, 0.0901713595, 1.929
-0.35603103, -0.128443986, 0.0765666217, 1.847
-0.210198969, -0.226834953, 0., 1.950
-0.253253102, -0.211470425, 0.0267422888, 1.788
-0.279844493, -0.0455660075, 0.12934573, 1.997
-0.274098665, -0.0960588008, 0.118857816, 1.988
-0.251723349, -0.120714664, 0.11464186, 1.987
-0.211087704, -0.134923011, 0.116536736, 1.947
-0.0950655043, -0.239258498, 0.035030935, 1.453
-0.126758114, -0.241832778, 0., 1.786
-0.470958441, -0.0309420023, 0.0499533527, 1.760
-0.439017773, 0.0310302917, 0.0739552379, 1.771
-0.47350812, 0.0651778877, 0.0300142728, 1.630
-0.124583118, 0.0499654338, 0.151618168, 1.840
-0.324825019, 0.181257248, 0.0365864262, 1.488
-0.312328309, 0.132433519, 0.0917995647, 1.798
-0.0443877205, 0.138287336, 0.132534161, 1.691
-0.0339610577, 0.096633926, 0.147163197, 1.727
-0.0444627926, 0.189737603, 0.103207625, 1.579
-0.0903539062, 0.241611883, 0.029207699, 1.558
-0.132407099, 0.236659229, 0.0293947235, 1.585
-0.053783074, -0.059105657, 0.154508471, 1.775
-0.0536167175, 0., 0.159077421, 1.783
-0.160472423, 0., 0.15153566, 1.896
-0.123281457, -0.0484853983, 0.151923642, 1.863
-0.0339894444, 0.0383733325, 0.157729387, 1.755
-0.285515606, -0.205232084, 0., 1.825
-0.287703186, -0.200082004, 0.0269553848, 1.852
-0.194898129, 0.216704234, 0.0497513264, 1.240
-0.157159969, 0.20650509, 0.0748576671, 1.506
-0.104687996, 0.087799333, 0.146014541, 1.800
-0.115185872, 0.129555017, 0.131781816, 1.776
-0.496250719, 0.0305582732, 0., 1.612
-0.489749342, 0.0339667574, 0.0237978045, 1.648
-0.271122158, 0.194907159, 0.0501263328, 1.205
-0.272313058, 0.169132128, 0.079307653, 1.676
-0.0695046261, -0.106805712, 0.142943412, 1.786
0.0437819473, -0.143857405, 0.130104035, 1.619
0.0384287797, -0.249260515, 0., 1.619
0., -0.240769699, 0.0430751555, 1.432
0., 0.241082922, 0.0423514806, 1.460
-0.0481159277, 0.244522169, 0.0295381024, 1.525
-0.236327007, 0.206306532, 0.0494708195, 1.287
-0.21019873, 0.226835012, 0., 1.770
-0.153399721, 0.169858932, 0.106642276, 1.708
-0.179546908, 0.0824795291, 0.139687032, 1.870
-0.162625015, 0.0330345929, 0.149816051, 1.884
-0.126757935, 0.241832808, 0., 1.731
-0.268700302, 0.0330616906, 0.133262947, 1.952
-0.357583344, 0.165021911, 0.0367724933, 1.454
-0.352559686, 0.177272156, 0., 1.798
-0.356727958, 0.12765646, 0.0767736509, 1.727
-0.390324384, 0.136531994, 0.0486178324, 1.542
-0.419147074, 0.113608137, 0.0482006483, 1.577
-0.414421618, 0.139870226, 0., 1.744
-0.465721518, 0.0909718126, 0., 1.702
-0.421058059, 0.0787122399, 0.0700556338, 1.744
-0.308799356, 0.0526297726, 0.121247232, 1.936
0.167683661, -0.171887711, 0.103048272, 1.445
0.0928606391, -0.200576201, 0.0907659233, 1.440
0.0488824062, -0.222358197, 0.0714380518, 1.399
0.0438072719, -0.194565147, 0.0994878635, 1.507
0.202113673, -0.0716968477, 0.138965622, 1.524
0.204054847, -0.108063266, 0.128658682, 1.495
0.166032523, -0.0973222554, 0.137468487, 1.539
0.087485455, -0.2410613, 0.0318461917, 1.466
0.346624881, -0.102783635, 0.09470772, 1.326
-0.133749604, -0.174058139, 0.106577829, 1.797
0.0441334508, -0.0997939482, 0.146018535, 1.666
0.0441860817, -0.0415896513, 0.157135576, 1.685
0.0781963095, 0.133418262, 0.132976696, 1.580
0.320014954, -0.134402215, 0.0878308862, 1.329
0.357959539, -0.129712358, 0.074748449, 1.279
0.209972009, -0.188613862, 0.0807079002, 1.370
0.198509574, -0.220848009, 0.0398378447, 1.346
0.190988317, -0.231042996, 0., 1.467
0.265525371, -0.211835012, 0., 1.388
0.242955297, -0.205245078, 0.0479685776, 1.314
0.127631232, -0.151593849, 0.120494969, 1.529
-0.042350769, -0.249101594, 0., 1.692
0.247502983, -0.128046274, 0.112300798, 1.419
0.128082916, -0.10824731, 0.138277337, 1.573
0.352765232, -0.168610275, 0.034818273, 1.227
0.419625998, -0.0817928836, 0.0694876984, 1.243
0.438319623, -0.0326178074, 0.0740993321, 1.224
0.0973557457, 0.0469522923, 0.154033989, 1.630
0.461710811, -0.0959467739, 0., 1.086
0.471634477, -0.0685862377, 0.0299240649, 1.105
0.448545486, -0.0994108096, 0.0308213606, 1.132
0.489092141, -0.0359615944, 0.023980666, 1.070
0.47027567, -0.0326358527, 0.0501700267, 1.156
-0.285514742, 0.205232397, 0., 1.793
0.495836079, -0.0321969539, 0., 1.009
0.49523294, 0., 0.022041332, 1.069
0.47191605, 0.0683470666, 0.0296927355, 1.103
0.489091694, 0.0359628759, 0.0239807926, 1.070
0.470570207, 0.0324182622, 0.0499445014, 1.154
0., 0.173124894, 0.115426928, 1.575
0.0811327547, 0.204123557, 0.0886531547, 1.441
0.0849253908, 0.242220417, 0.0288084615, 1.460
0.40522635, 0.0485336334, 0.0884321332, 1.278
0.0436037779, 0.105053782, 0.144515887, 1.652
0.0436817482, 0.0470242165, 0.156521156, 1.680
0.145708174, 0.0414500348, 0.150738925, 1.588
0.135488406, 0.0879072994, 0.143370047, 1.577
0.123744316, 0.134173661, 0.129066378, 1.547
0.172144696, 0.128637284, 0.125648811, 1.500
-0.470888197, 0.0310265366, 0.0499996655, 1.755
0.038428776, 0.249260515, 0., 1.601
0.0465651304, 0.244723141, 0.0291077103, 1.498
0.0464086831, 0.224464417, 0.0688625798, 1.390
0.361152232, 0.124822095, 0.0765642002, 1.281
-0.45340386, 0., 0.0674471185, 1.818
0.123144865, 0.238046557, 0.0289254077, 1.425
0.163728148, 0.233156413, 0.0242556054, 1.425
0.133400097, 0.22699973, 0.0516865887, 1.383
0.20140557, 0.225638375, 0.0243391078, 1.384
0.22947818, 0.21737878, 0.0291983541, 1.350
0.190987974, 0.231043071, 0., 1.464
0.266413033, 0.206486687, 0.0294627566, 1.312
0.245834976, 0.178659216, 0.0796078071, 1.346
0.115065373, 0.243289933, 0., 1.537
0.46170938, 0.095948495, 0., 1.085
0.448873848, 0.099195838, 0.0306148566, 1.129
0.325695455, 0.125649869, 0.0909447223, 1.329
0.351619095, 0.0960484892, 0.0957130492, 1.325
0.421243012, 0.0801915824, 0.0692499205, 1.240
0.438658834, 0.032413099, 0.0739303827, 1.223
0.453404307, 0., 0.0674468055, 1.194
0.414750665, -0.118375346, 0.0473891832, 1.190
0.404831469, 0.146723792, 0., 1.191
0.416166008, 0.117023945, 0.0474932529, 1.188
0.495835811, 0.032197997, 0., 1.009
0.289923191, 0.0336198956, 0.128568083, 1.440
0.126610771, 0.204047188, 0.0830945075, 1.390
0.210355163, 0.160737351, 0.102402367, 1.422
0.227346018, -0.04152577, 0.140003651, 1.505
-0.0423508584, 0.249101594, 0., 1.665
0.221986502, 0.0746655688, 0.135168165, 1.501
0.237270951, 0.0335957259, 0.139186323, 1.499
0.404832631, -0.146722987, 0., 1.195
0.265524834, 0.211835176, 0., 1.380
